  RSS
11464
    0
    0
    0
    0
    0
    0
    0
    0
    0
    0
    0
    0
    0
    0
    0
    0
    0
    0
    0
    0
    0
    0
    0
    0
    0
    0
    0
    0
    0
    0
    0
    0
    0
    0
    0
    0
    0
    0
    0
    0
    0
    0
    0
    0
    0
    0
    0
    0
    0
    0
    0
    0
    0
    0
    0
    0
    0
    0
    0
    0
    0
    0
    0
    0
    0
    0
    0
    0
    0
    0
    0
    0
    0
    0
    0
    0
    0
    0
    0
    0
    0
    0
    0
    0
    0
    0
    0
    0
    0
    0
    0
    0
    0
    0
    0
    0
    0
    0
    0
    0
    0
    0
    0
    0
    0
    0
    0
    0
    0
    0
    0
    0
    0
    0
    0
    0
    0
    0
    0
    0
    0
    0
    0
    0
    0
    0
    0
    0
    0
    0
    0
    0
    0
    0
    0
    0
    0
    0
    0
    0
    0
    0
    0
    0
    0
    0
    0
    0
    0
    0
    0
    0
    0
    0
    0
    0
    0
    0
    0
    0
    0
    0
    0
    0
    0
    0
    0
    0
    0
    0
    0
    0
    0
    0
    0
    0
    0
    0
    0
    0
    0
    0
    0
    0
    0
    0
    0
    0
    0
25140
    0
    0
 7404
    0
    0
    0
    0
    0
    0
    0
    0
14300
    0
    0
    0
    0
 4444
    0
    0
    0
    0
    0
 4184
 7436
 1720
 3812
 6308
10636
 2884
20460
10980
 5884
36196
 6428
26580
 5748
 7816
10004
15144
13568
86680
 7312
19364
 6584
 2288
 1156
11584
13244
29748
51660
 8892
 8520
 3032
181352
 6572
    0
    0
    0
 2040
 8860
11048
 3320
 9096
11024
78332
338260
    0
    0
    0
14884
746884
72628
12780
    0
    0
10332
10140
 5944
13904
17152
16276
 3708
 7432
40180
 4076
 5956
148080
15656
 8020
 3684
 2460
 5544
 7632
 6648
17000
711556
    0
 6116
20972
33020
 5816
10860
 7428
114932
 6316
54384
15144
 6960
 7796
28172
 6348
 8500
13500
 7244
 1756
109312
27160
 8296
 1600
 6644
29232
12036
11768
 8100
25272
29220
28184
10956
 6632
 6472
 9912
 7652
 9336
25432
26728
 7324
 8200
21144
109596
13504
43664
27148
 7184
37916
30416
1290448
25952
14588
 7072
26992
 7124
177576
26696
57056
    0
    0
    0
112140
 8792
    0
598364
514684
 1928
 1928
 3772
 3228
110736
111836
27784
    0
337272
187556
70604
    0
44084
135152
145504
242488
175312
214204
181888
209896
160400
225632
129216
50792
 7252
209908
149400
187500
722656
 1600
 7268
 8564
    0
    0
305804
 8408
 7784
    0
86628
20000
131036
197076
186872
294380
87552
 3672
    0
    0
569492
    0
    0
    0
    0
198304
24364
352604
    0
    0
    0
    0
    0
159952
204376
206848
 1600
 7652
83468
198104
 7256
    0
    0
    0
    0
    0
    0
11559204
    0
    0
 1600
 7600
 7792
    0
 6760
119540
 3032
